Number of payments,Monthly installment,Interest,Principal,Balance
0,0,0,0,5149.297999999999
1,37.9176388001,32.00974517874822,5.9078936213,5143.39010638
2,37.9176388001,31.9730197514,5.94461904861,5137.44548733
3,37.9176388001,31.9360660267,5.98157277335,5131.46391456
4,37.9176388001,31.8988825853,6.01875621472,5125.44515834
5,37.9176388001,31.8614679994,6.05617080069,5119.38898754
6,37.9176388001,31.8238208319,6.09381796815,5113.29516957
7,37.9176388001,31.7859396372,6.13169916289,5107.16347041
8,37.9176388001,31.7478229603,6.16981583971,5100.99365457
9,37.9176388001,31.7094693376,6.20816946244,5094.78548511
10,37.9176388001,31.670877296,6.24676150402,5088.5387236
11,37.9176388001,31.6320453535,6.28559344654,5082.25313016
12,37.9176388001,31.5929720188,6.3246667813,5075.92846338
13,37.9176388001,31.5536557912,6.36398300887,5069.56448037
14,37.9176388001,31.5140951609,6.40354363916,5063.16093673
15,37.9176388001,31.4742886086,6.44335019146,5056.71758654
16,37.9176388001,31.4342346056,6.48340419449,5050.23418234
17,37.9176388001,31.3939316135,6.5237071865,5043.71047516
18,37.9176388001,31.3533780848,6.56426071529,5037.14621444
19,37.9176388001,31.3125724618,6.60506633826,5030.5411481
20,37.9176388001,31.2715131775,6.64612562254,5023.89502248
21,37.9176388001,31.2301986551,6.68744014494,5017.20758233
22,37.9176388001,31.1886273079,6.72901149213,5010.47857084
23,37.9176388001,31.1467975394,6.77084126061,5003.70772958
24,37.9176388001,31.1047077432,6.81293105681,4996.89479853
25,37.9176388001,31.0623563029,6.85528249715,4990.03951603
26,37.9176388001,31.0197415919,6.8978972081,4983.14161882
27,37.9176388001,30.9768619738,6.94077682624,4976.20084199
28,37.9176388001,30.9337158017,6.98392299831,4969.216919
29,37.9176388001,30.8903014188,7.0273373813,4962.18958161
30,37.9176388001,30.8466171575,7.07102164251,4955.11855997
31,37.9176388001,30.8026613405,7.11497745958,4948.00358251
32,37.9176388001,30.7584322795,7.1592065206,4940.84437599
33,37.9176388001,30.7139282759,7.20371052413,4933.64066547
34,37.9176388001,30.6691476207,7.24849117932,4926.39217429
35,37.9176388001,30.6240885941,7.29355020593,4919.09862408
36,37.9176388001,30.5787494657,7.3388893344,4911.75973475
37,37.9176388001,30.5331284941,7.38451030593,4904.37522444
38,37.9176388001,30.4872239275,7.43041487257,4896.94480957
39,37.9176388001,30.4410340028,7.47660479722,4889.46820477
40,37.9176388001,30.3945569463,7.52308185378,4881.94512292
41,37.9176388001,30.3477909729,7.56984782714,4874.37527509
42,37.9176388001,30.3007342867,7.61690451331,4866.75837058
43,37.9176388001,30.2533850806,7.66425371946,4859.09411686
44,37.9176388001,30.2057415361,7.71189726399,4851.38221959
45,37.9176388001,30.1578018235,7.7598369766,4843.62238262
46,37.9176388001,30.1095641017,7.80807469837,4835.81430792
47,37.9176388001,30.0610265182,7.85661228183,4827.95769564
48,37.9176388001,30.012187209,7.90545159101,4820.05224405
49,37.9176388001,29.9630442985,7.95459450155,4812.09764954
50,37.9176388001,29.9135958993,8.00404290073,4804.09360664
51,37.9176388001,29.8638401125,8.05379868757,4796.03980796
52,37.9176388001,29.8137750272,8.10386377289,4787.93594418
53,37.9176388001,29.7633987207,8.15424007939,4779.7817041
54,37.9176388001,29.7127092583,8.20492954174,4771.57677456
55,37.9176388001,29.6617046935,8.2559341066,4763.32084046
56,37.9176388001,29.6103830673,8.30725573276,4755.01358472
57,37.9176388001,29.5587424089,8.35889639119,4746.65468833
58,37.9176388001,29.506780735,8.41085806508,4738.24383027
59,37.9176388001,29.4544960501,8.46314274998,4729.78068752
60,37.9176388001,29.4018863462,8.51575245384,4721.26493506
61,37.9176388001,29.348949603,8.56868919707,4712.69624587
62,37.9176388001,29.2956837874,8.62195501267,4704.07429085
63,37.9176388001,29.2420868538,8.67555194625,4695.39873891
64,37.9176388001,29.1881567439,8.72948205616,4686.66925685
65,37.9176388001,29.1338913865,8.78374741352,4677.88550944
66,37.9176388001,29.0792886977,8.83835010236,4669.04715934
67,37.9176388001,29.0243465804,8.89329221963,4660.15386712
68,37.9176388001,28.9690629247,8.94857587533,4651.20529124
69,37.9176388001,28.9134356075,9.00420319259,4642.20108805
70,37.9176388001,28.8574624923,9.06017630771,4633.14091174
71,37.9176388001,28.8011414298,9.11649737028,4624.02441437
72,37.9176388001,28.7444702568,9.17316854328,4614.85124583
73,37.9176388001,28.687446797,9.23019200309,4605.62105382
74,37.9176388001,28.6300688604,9.28756993964,4596.33348388
75,37.9176388001,28.5723342436,9.3453045565,4586.98817933
76,37.9176388001,28.5142407292,9.40339807089,4577.58478126
77,37.9176388001,28.4557860862,9.46185271385,4568.12292854
78,37.9176388001,28.3969680698,9.52067073026,4558.60225781
79,37.9176388001,28.3377844211,9.57985437899,4549.02240343
80,37.9176388001,28.2782328671,9.63940593291,4539.3829975
81,37.9176388001,28.218311121,9.69932767906,4529.68366982
82,37.9176388001,28.1580168814,9.75962191866,4519.9240479
83,37.9176388001,28.0973478328,9.82029096727,4510.10375694
84,37.9176388001,28.0363016452,9.88133715482,4500.22241978
85,37.9176388001,27.9748759743,9.94276282572,4490.27965695
86,37.9176388001,27.9130684611,10.004570339,4480.27508662
87,37.9176388001,27.8508767318,10.0667620683,4470.20832455
88,37.9176388001,27.7882983981,10.129340402,4460.07898415
89,37.9176388001,27.7253310567,10.1923077434,4449.8866764
90,37.9176388001,27.6619722894,10.2556665106,4439.63100989
91,37.9176388001,27.598219663,10.319419137,4429.31159075
92,37.9176388001,27.5340707291,10.3835680709,4418.92802268
93,37.9176388001,27.4695230242,10.4481157759,4408.47990691
94,37.9176388001,27.4045740693,10.5130647308,4397.96684218
95,37.9176388001,27.3392213701,10.5784174299,4387.38842475
96,37.9176388001,27.2734624169,10.6441763832,4376.74424836
97,37.9176388001,27.2072946842,10.7103441159,4366.03390425
98,37.9176388001,27.1407156309,10.7769231692,4355.25698108
99,37.9176388001,27.0737227001,10.8439160999,4344.41306498
100,37.9176388001,27.0063133191,10.911325481,4333.5017395
101,37.9176388001,26.9384848989,10.9791539011,4322.5225856
102,37.9176388001,26.8702348348,11.0474039653,4311.47518163
103,37.9176388001,26.8015605056,11.1160782944,4300.35910334
104,37.9176388001,26.732459274,11.185179526,4289.17392381
105,37.9176388001,26.6629284863,11.2547103138,4277.9192135
106,37.9176388001,26.5929654721,11.324673328,4266.59454017
107,37.9176388001,26.5225675445,11.3950712555,4255.19946891
108,37.9176388001,26.4517320001,11.4659067999,4243.73356211
109,37.9176388001,26.3804561184,11.5371826816,4232.19637943
110,37.9176388001,26.3087371622,11.6089016378,4220.58747779
111,37.9176388001,26.2365723772,11.6810664228,4208.90641137
112,37.9176388001,26.1639589919,11.7536798081,4197.15273156
113,37.9176388001,26.0908942177,11.8267445823,4185.32598698
114,37.9176388001,26.0173752487,11.9002635514,4173.42572343
115,37.9176388001,25.9433992613,11.9742395388,4161.45148389
116,37.9176388001,25.8689634146,12.0486753854,4149.40280851
117,37.9176388001,25.7940648501,12.12357395,4137.27923456
118,37.9176388001,25.7187006911,12.1989381089,4125.08029645
119,37.9176388001,25.6428680436,12.2747707565,4112.80552569
120,37.9176388001,25.5665639951,12.3510748049,4100.45445089
121,37.9176388001,25.4897856154,12.4278531846,4088.0265977
122,37.9176388001,25.4125299558,12.5051088443,4075.52148886
123,37.9176388001,25.3347940494,12.5828447507,4062.93864411
124,37.9176388001,25.2565749107,12.6610638893,4050.27758022
125,37.9176388001,25.177869536,12.7397692641,4037.53781095
126,37.9176388001,25.0986749025,12.8189638975,4024.71884705
127,37.9176388001,25.0189879689,12.8986508311,4011.82019622
128,37.9176388001,24.9388056749,12.9788331252,3998.8413631
129,37.9176388001,24.8581249411,13.0595138589,3985.78184924
130,37.9176388001,24.7769426691,13.1406961309,3972.64115311
131,37.9176388001,24.6952557412,13.2223830589,3959.41877005
132,37.9176388001,24.6130610202,13.3045777798,3946.11419227
133,37.9176388001,24.5303553496,13.3872834505,3932.72690882
134,37.9176388001,24.447135553,13.470503247,3919.25640557
135,37.9176388001,24.3633984346,13.5542403654,3905.70216521
136,37.9176388001,24.2791407785,13.6384980216,3892.06366719
137,37.9176388001,24.1943593488,13.7232794513,3878.34038773
138,37.9176388001,24.1090508896,13.8085879104,3864.53179982
139,37.9176388001,24.0232121247,13.8944266753,3850.63737315
140,37.9176388001,23.9368397576,13.9807990424,3836.65657411
141,37.9176388001,23.8499304712,14.0677083289,3822.58886578
142,37.9176388001,23.7624809278,14.1551578722,3808.4337079
143,37.9176388001,23.674487769,14.243151031,3794.19055687
144,37.9176388001,23.5859476156,14.3316911844,3779.85886569
145,37.9176388001,23.4968570672,14.4207817329,3765.43808396
146,37.9176388001,23.4072127024,14.5104260977,3750.92765786
147,37.9176388001,23.3170110784,14.6006277217,3736.32703014
148,37.9176388001,23.2262487312,14.6913900688,3721.63564007
149,37.9176388001,23.1349221752,14.7827166249,3706.85292344
150,37.9176388001,23.0430279029,14.8746108971,3691.97831255
151,37.9176388001,22.9505623854,14.9670764146,3677.01123613
152,37.9176388001,22.8575220715,15.0601167285,3661.9511194
153,37.9176388001,22.7639033882,15.1537354118,3646.79738399
154,37.9176388001,22.6697027401,15.24793606,3631.54944793
155,37.9176388001,22.5749165095,15.3427222906,3616.20672564
156,37.9176388001,22.4795410562,15.4380977439,3600.7686279
157,37.9176388001,22.3835727174,15.5340660826,3585.23456181
158,37.9176388001,22.2870078076,15.6306309924,3569.60393082
159,37.9176388001,22.1898426183,15.7277961818,3553.87613464
160,37.9176388001,22.0920734179,15.8255653822,3538.05056926
161,37.9176388001,21.9936964517,15.9239423483,3522.12662691
162,37.9176388001,21.8947079417,16.0229308584,3506.10369605
163,37.9176388001,21.7951040862,16.1225347139,3489.98116134
164,37.9176388001,21.6948810601,16.2227577399,3473.7584036
165,37.9176388001,21.5940350144,16.3236037856,3457.43479981
166,37.9176388001,21.4925620762,16.4250767238,3441.00972309
167,37.9176388001,21.3904583486,16.5271804514,3424.48254264
168,37.9176388001,21.2877199103,16.6299188897,3407.85262375
169,37.9176388001,21.1843428158,16.7332959842,3391.11932776
170,37.9176388001,21.080323095,16.8373157051,3374.28201206
171,37.9176388001,20.9756567531,16.941982047,3357.34003001
172,37.9176388001,20.8703397704,17.0472990297,3340.29273098
173,37.9176388001,20.7643681024,17.1532706976,3323.13946028
174,37.9176388001,20.6577376794,17.2599011206,3305.87955916
175,37.9176388001,20.5504444063,17.3671943938,3288.51236477
176,37.9176388001,20.4424841626,17.4751546375,3271.03721013
177,37.9176388001,20.3338528022,17.5837859979,3253.45342413
178,37.9176388001,20.2245461532,17.6930926469,3235.76033149
179,37.9176388001,20.1145600178,17.8030787823,3217.9572527
180,37.9176388001,20.0038901721,17.913748628,3200.04350408
181,37.9176388001,19.8925323658,18.0251064342,3182.01839764
182,37.9176388001,19.7804823226,18.1371564775,3163.88124116
183,37.9176388001,19.667735739,18.249903061,3145.6313381
184,37.9176388001,19.5542882853,18.3633505147,3127.26798759
185,37.9176388001,19.4401356046,18.4775031955,3108.79048439
186,37.9176388001,19.3252733129,18.5923654872,3090.19811891
187,37.9176388001,19.2096969991,18.707941801,3071.49017711
188,37.9176388001,19.0934022246,18.8242365755,3052.66594053
189,37.9176388001,18.9763845231,18.9412542769,3033.72468625
190,37.9176388001,18.8586394008,19.0589993992,3014.66568685
191,37.9176388001,18.7401623358,19.1774764643,2995.48821039
192,37.9176388001,18.620948778,19.2966900221,2976.19152037
193,37.9176388001,18.5009941491,19.4166446509,2956.77487572
194,37.9176388001,18.3802938425,19.5373449576,2937.23753076
195,37.9176388001,18.2588432227,19.6587955773,2917.57873518
196,37.9176388001,18.1366376256,19.7810011745,2897.79773401
197,37.9176388001,18.0136723579,19.9039664422,2877.89376756
198,37.9176388001,17.8899426973,20.0276961028,2857.86607146
199,37.9176388001,17.7654438921,20.152194908,2837.71387655
200,37.9176388001,17.6401711609,20.2774676391,2817.43640891
201,37.9176388001,17.514119693,20.4035191071,2797.03288981
202,37.9176388001,17.3872846472,20.5303541528,2776.50253565
203,37.9176388001,17.2596611527,20.6579776473,2755.84455801
204,37.9176388001,17.1312443083,20.7863944918,2735.05816352
205,37.9176388001,17.0020291821,20.915609618,2714.1425539
206,37.9176388001,16.8720108118,21.0456279883,2693.09692591
207,37.9176388001,16.7411842041,21.1764545959,2671.92047131
208,37.9176388001,16.6095443349,21.3080944651,2650.61237685
209,37.9176388001,16.4770861485,21.4405526515,2629.1718242
210,37.9176388001,16.3438045582,21.5738342419,2607.59798996
211,37.9176388001,16.2096944452,21.7079443549,2585.8900456
212,37.9176388001,16.0747506592,21.8428881409,2564.04715746
213,37.9176388001,15.9389680179,21.9786707822,2542.06848668
214,37.9176388001,15.8023413066,22.1152974934,2519.95318918
215,37.9176388001,15.6648652784,22.2527735217,2497.70041566
216,37.9176388001,15.5265346535,22.3911041466,2475.30931152
217,37.9176388001,15.3873441196,22.5302946805,2452.77901683
218,37.9176388001,15.2472883311,22.670350469,2430.10866637
219,37.9176388001,15.1063619093,22.8112768907,2407.29738948
220,37.9176388001,14.9645594422,22.9530793579,2384.34431012
221,37.9176388001,14.8218754839,23.0957633162,2361.2485468
222,37.9176388001,14.6783045547,23.2393342454,2338.00921256
223,37.9176388001,14.533841141,23.3837976591,2314.6254149
224,37.9176388001,14.3884796947,23.5291591053,2291.09625579
225,37.9176388001,14.2422146335,23.6754241665,2267.42083162
226,37.9176388001,14.0950403401,23.8225984599,2243.59823316
227,37.9176388001,13.9469511625,23.9706876376,2219.62754553
228,37.9176388001,13.7979414134,24.1196973867,2195.50784814
229,37.9176388001,13.6480053702,24.2696334298,2171.23821471
230,37.9176388001,13.4971372749,24.4205015252,2146.81771319
231,37.9176388001,13.3453313334,24.5723074667,2122.24540572
232,37.9176388001,13.1925817158,24.7250570843,2097.52034863
233,37.9176388001,13.0388825558,24.8787562442,2072.64159239
234,37.9176388001,12.8842279509,25.0334108491,2047.60818154
235,37.9176388001,12.7286119617,25.1890268384,2022.4191547
236,37.9176388001,12.5720286118,25.3456101883,1997.07354451
237,37.9176388001,12.4144718878,25.5031669122,1971.5703776
238,37.9176388001,12.255935739,25.661703061,1945.90867454
239,37.9176388001,12.0964140769,25.8212247232,1920.08744982
240,37.9176388001,11.9359007751,25.9817380249,1894.10571179
241,37.9176388001,11.7743896695,26.1432491306,1867.96246266
242,37.9176388001,11.6118745571,26.3057642429,1841.65669842
243,37.9176388001,11.448349197,26.4692896031,1815.18740882
244,37.9176388001,11.2838073089,26.6338314912,1788.55357733
245,37.9176388001,11.1182425738,26.7993962263,1761.7541811
246,37.9176388001,10.9516486334,26.9659901667,1734.78819093
247,37.9176388001,10.7840190898,27.1336197103,1707.65457122
248,37.9176388001,10.6153475053,27.3022912948,1680.35227993
249,37.9176388001,10.4456274022,27.4720113978,1652.88026853
250,37.9176388001,10.2748522627,27.6427865374,1625.23748199
251,37.9176388001,10.1030155282,27.8146232718,1597.42285872
252,37.9176388001,9.93011059961,27.9875282004,1569.43533052
253,37.9176388001,9.75613083657,28.1615079635,1541.27382256
254,37.9176388001,9.58106955758,28.3365692425,1512.93725331
255,37.9176388001,9.40492003959,28.5127187605,1484.42453455
256,37.9176388001,9.22767551774,28.6899632823,1455.73457127
257,37.9176388001,9.04932918512,28.8683096149,1426.86626166
258,37.9176388001,8.86987419252,29.0477646075,1397.81849705
259,37.9176388001,8.68930364812,29.2283351519,1368.5901619
260,37.9176388001,8.5076106173,29.4100281827,1339.18013371
261,37.9176388001,8.32478812231,29.5928506777,1309.58728304
262,37.9176388001,8.14082914202,29.776809658,1279.81047338
263,37.9176388001,7.95572661165,29.9619121884,1249.84856119
264,37.9176388001,7.76947342254,30.1481653775,1219.70039581
265,37.9176388001,7.58206242179,30.3355763783,1189.36481943
266,37.9176388001,7.39348641206,30.524152388,1158.84066705
267,37.9176388001,7.20373815128,30.7139006488,1128.1267664
268,37.9176388001,7.01281035235,30.9048284477,1097.22193795
269,37.9176388001,6.82069568285,31.0969431172,1066.12499483
270,37.9176388001,6.62738676482,31.2902520352,1034.8347428
271,37.9176388001,6.4328761744,31.4847626257,1003.34998017
272,37.9176388001,6.2371564416,31.6804823585,971.669497813
273,37.9176388001,6.04022004999,31.8774187501,939.792079063
274,37.9176388001,5.84205943642,32.0755793636,907.7164997
275,37.9176388001,5.64266699071,32.2749718093,875.44152789
276,37.9176388001,5.44203505539,32.4756037447,842.965924146
277,37.9176388001,5.24015592538,32.6774828747,810.288441271
278,37.9176388001,5.03702184771,32.8806169523,777.407824319
279,37.9176388001,4.8326250212,33.0850137789,744.32281054
280,37.9176388001,4.62695759618,33.2906812039,711.032129336
281,37.9176388001,4.4200116742,33.4976271259,677.53450221
282,37.9176388001,4.21177930769,33.7058594924,643.828642718
283,37.9176388001,4.00225249969,33.9153863004,609.913256417
284,37.9176388001,3.79142320352,34.1262155965,575.787040821
285,37.9176388001,3.57928332248,34.3383554776,541.448685343
286,37.9176388001,3.36582470954,34.5518140905,506.896871253
287,37.9176388001,3.15103916703,34.766599633,472.13027162
288,37.9176388001,2.9349184463,34.9827203537,437.147551266
289,37.9176388001,2.71745424746,35.2001845526,401.947366713
290,37.9176388001,2.49863821899,35.4190005811,366.528366132
291,37.9176388001,2.27846195747,35.6391768426,330.88918929
292,37.9176388001,2.05691700724,35.8607217928,295.028467497
293,37.9176388001,1.83399486009,36.08364394,258.944823557
294,37.9176388001,1.60968695488,36.3079518452,222.636871712
295,37.9176388001,1.38398467731,36.5336541227,186.103217589
296,37.9176388001,1.15687935947,36.7607594406,149.342458148
297,37.9176388001,0.928362279616,36.9892765204,112.353181628
298,37.9176388001,0.698424661757,37.2192141383,75.1339674897
299,37.9176388001,0.46705767536,37.4505811247,37.683386365
300,37.9176388001,0.234252434996,37.6833863651,-7.76623210186e-12
